23	
30	
30	
15	
1
28	
53	
37	
20	
2
75	
197	
234	
184	
29
90	
287	
277	
230	
67
11	
3	
17	
2	
2
5	
19	
15	
11	
2
61	
128	
134	
125	
32
77	
196	
226	
206	
65
4	
9	
48	
172	
1
5	
7	
42	
52	
8
59	
195	
329	
505	
136
64	
263	
358	
541	
333
0	
0	
1	
0	
0
0	
0	
1	
1	
0
1	
9	
9	
3	
0
2	
10	
9	
6	
0
2	
5	
3	
1	
0
2	
6	
5	
4	
0
2	
33	
61	
41	
2
8	
36	
47	
38	
4
1	
11	
15	
27	
4
1	
9	
12	
23	
4
22	
79	
191	
416	
105
21	
105	
167	
415	
175
6	
38	
48	
59	
2
5	
32	
46	
65	
4
157	
417	
481	
752	
144
152	
479	
540	
762	
252
0	
0	
0	
0	
0
0	
0	
0	
0	
0
0	
3	
1	
0	
0
2	
4	
3	
2	
0
1	
5	
9	
6	
0
1	
2	
11	
8	
1
41	
89	
126	
139	
19
40	
96	
157	
175	
50
6	
33	
44	
41	
8
6	
48	
53	
33	
18
169	
515	
734	
1470 
368
230	
784	
955	
1389 
518
3	
7	
5	
1	
0
4	
4	
12	
3	
1
20	
73	
109	
108	
26
36	
96	
133	
148	
41
1	
0	
2	
0	
0
1	
1	
3	
1	
0
5	
22	
15	
29	
3
10	
18	
20	
28	
4
1	
1	
1	
3	
0
2	
3	
3	
0	
0
16	
34	
28	
8	
0
10	
49	
41	
9	
0
0	
0	
0	
0	
0
0	
0	
0	
0	
0
2	
6	
2	
3	
0
2	
12	
0	
1	
0
0	
0	
2	
3	
1
0	
1	
2	
3	
0
9	
14	
56	
53	
8
8	
30	
45	
66	
21
1	
2	
1	
0	
0
0	
1	
0	
0	
0
0	
9	
8	
2	
0
1	
10	
11	
1	
0
25	
92	
64	
16	
4
29	
74	
71	
38	
15
130	
254	
173	
126	
42
132	
356	
292	
223	
85
32	
27	
16	
5	
3
33	
43	
23	
17	
5
64	
146	
127	
94	
29
107	
238	
196	
233	
60
8	
18	
16	
38	
7
1	
13	
24	
18	
9
104	
273	
262	
256	
211
155	
407	
351	
334	
294
0	
6	
0	
0	
0
0	
0	
0	
3	
0
6	
8	
8	
4	
0
7	
16	
13	
8	
3
0	
0	
3	
0	
0
0	
1	
6	
5	
0
13	
51	
64	
53	
4
21	
81	
77	
47	
7
5	
5	
8	
19	
4
2	
4	
11	
25	
0
29	
126	
97	
152	
84
42	
157	
139	
177	
83
113	
42	
42	
56	
33
111	
49	
32	
79	
40
128	
567	
399	
550	
241
153	
606	
545	
646	
262
0	
0	
0	
0	
0
0	
0	
1	
0	
0
2	
7	
11	
2	
0
2	
18	
11	
6	
1
3	
8	
6	
5	
0
3	
5	
4	
5	
1
37	
110	
89	
95	
36
47	
130	
124	
121	
58
12	
27	
24	
33	
25
13	
39	
37	
39	
10
241	
569	
525	
789	
648
369	
850	
797	
1037 
509
2	
5	
4	
1	
1
2	
9	
7	
7	
2
25	
77	
94	
81	
33
34	
114	
130	
131	
49
4	
2	
3	
1	
0
2	
2	
1	
4	
0
9	
36	
34	
26	
10
11	
45	
35	
23	
4
6	
3	
6	
6	
0
2	
5	
8	
4	
0
36	
52	
53	
16	
0
40	
88	
73	
23	
1
0	
1	
2	
0	
0
1	
1	
1	
0	
0
8	
23	
10	
4	
0
8	
33	
13	
5	
0
0	
5	
1	
5	
0
0	
1	
5	
6	
0
9	
54	
27	
42	
19
17	
56	
48	
55	
31
3	
2	
1	
0	
0
1	
0	
1	
0	
0
5	
29	
26	
4	
1
11	
37	
28	
3	
0
7	
12	
42	
34	
6
7	
10	
54	
39	
16
138	
250	
257	
155	
61
205	
409	
373	
306	
104
4	
8	
20	
10	
1
3	
10	
21	
23	
5
115	
208	
188	
124	
42
175	
284	
334	
269	
99
1	
28	
28	
23	
21
1	
3	
16	
20	
10
178	
393	
349	
244	
261
270	
551	
521	
365	
354
0	
0	
0	
0	
0
0	
1	
0	
0	
0
6	
3	
11	
8	
2
14	
8	
13	
12	
6
0	
0	
0	
0	
0
0	
1	
0	
1	
1
12	
23	
35	
37	
5
15	
39	
69	
47	
8
0	
1	
9	
10	
3
1	
4	
8	
11	
4
43	
122	
123	
120	
114
59	
174	
206	
166	
122
11	
8	
55	
41	
29
11	
7	
69	
49	
40
330	
632	
515	
556	
388
382	
683	
645	
761	
386
0	
0	
0	
0	
0
0	
0	
0	
1	
0
12	
34	
11	
4	
1
4	
16	
22	
3	
3
0	
2	
6	
4	
0
1	
6	
9	
5	
2
62	
89	
124	
64	
43
78	
125	
149	
121	
85
7	
14	
25	
20	
26
7	
14	
32	
32	
14
220	
455	
547	
455	
791
338	
662	
839	
815	
694
0	
0	
4	
2	
1
2	
0	
1	
3	
3
13	
45	
73	
76	
48
44	
59	
118	
145	
73
1	
0	
0	
2	
0
2	
1	
2	
2	
1
9	
22	
32	
18	
12
29	
28	
50	
21	
12
5	
5	
3	
5	
0
1	
3	
6	
5	
0
38	
94	
84	
37	
3
63	
140	
131	
48	
1
0	
0	
0	
1	
0
0	
0	
0	
1	
0
7	
28	
31	
4	
2
13	
39	
30	
10	
1
0	
0	
1	
2	
0
0	
0	
1	
4	
1
4	
26	
57	
33	
33
12	
35	
66	
63	
33
0	
0	
0	
1	
0
0	
0	
0	
0	
0
20	
36	
44	
10	
2
30	
40	
62	
19	
0
15	
50	
10	
35	
0
10	
55	
5	
50	
10
260	
395	
300	
240	
75
405	
485	
515	
380	
160
5	
10	
0	
15	
0
10	
10	
5	
25	
5
290	
305	
310	
235	
55
395	
440	
490	
420	
165
0	
10	
15	
30	
25
0	
5	
5	
25	
15
215	
575	
390	
260	
280
310	
815	
635	
450	
420
0	
0	
0	
0	
0
0	
0	
0	
0	
0
10	
20	
5	
15	
0
25	
30	
15	
15	
5
0	
0	
0	
0	
0
0	
0	
0	
0	
0
25	
30	
40	
30	
5
30	
55	
40	
55	
20
0	
0	
0	
15	
0
0	
0	
0	
10	
5
65	
125	
140	
130	
165
90	
190	
230	
235	
145
0	
5	
10	
60	
25
0	
5	
10	
60	
35
620	
1095 
715 
730 
510
595	
1155 
920 
995 
550
0	
0	
0	
0	
0
0	
0	
0	
0	
0
5	
20	
20	
10	
0
10	
25	
25	
10	
0
5	
0	
0	
10	
0
5	
5	
0	
5	
0
80	
165	
135	
100	
45
115	
205	
205	
160	
105
10	
10	
15	
25	
20
10	
15	
5	
25	
15
420	
710	
560	
520	
775
500	
855	
850	
1000 
775
0	
5	
0	
0	
0
5	
0	
0	
0	
0
30	
65	
70	
80	
50
80	
100	
125	
150	
105
0	
0	
0	
5	
0
0	
0	
0	
0	
0
30	
35	
35	
30	
10
40	
45	
45	
45	
15
0	
0	
0	
5	
0
0	
0	
0	
10	
0
90	
160	
125	
60	
5
100	
230	
190	
90	
10
0	
0	
0	
0	
0
0	
0	
0	
0	
0
10	
25	
35	
20	
0
15	
40	
45	
25	
0
0	
0	
0	
0	
0
0	
0	
0	
0	
0
10	
40	
40	
55	
30
20	
60	
60	
60	
45
0	
0	
0	
0	
0
0	
0	
0	
0	
0
35	
45	
50	
20	
0
60	
50	
60	
35	
0
5	
5	
15	
30	
0
10	
5	
15	
20	
0
165	
270	
515	
305	
105
375	
415	
735	
585 
245		
0	
0	
0	
10	
0
5	
5	
5	
10	
5
235	
400	
600	
390	
80
425	
560	
850	
680	
250			
0	
0	
10	
25	
25
0	
0	
5	
15	
15
150	
345	
675	
415	
315
190	
520	
1120 
775 
490
0	
0	
0	
0	
0
0	
0	
0	
0	
0
50	
35	
35	
25	
10
45	
55	
65	
40	
20
0	
0	
0	
0	
0
0	
0	
0	
0	
0
15	
25	
35	
35	
15
15	
40	
60	
60	
30
0	
0	
0	
0	
0
0	
0	
0	
0	
0
30	
100	
165	
195	
150
55	
150	
285	
340	
185
0	
0	
0	
15	
0
0	
0	
0	
20	
5
490	
1040 
1445 
1025 
635
595	
1085 
1695 
1445 
800
0	
0	
0	
0	
0
0	
0	
0	
0	
0
10	
20	
25	
20	
0
5	
10	
20	
30	
0			
0	
0	
0	
5	
0
0	
0	
0	
5	
0
60	
105	
205	
150	
50
130	
165	
325	
225	
130				
0	
0	
5	
20	
15
0	
5	
5	
10	
10
220	
570	
970	
645	
720
325	
635	
1215 
1145 
935
0	
0	
0	
0	
0
0	
0	
0	
0	
0
30	
55	
120	
100	
55
95	
85	
175	
175	
115
0	
0	
0	
5	
0
0	
0	
0	
0	
0
15	
25	
40	
35	
15
10	
35	
65	
65	
20
0	
0	
0	
0	
0
0	
0	
0	
0	
0
75	
110	
185	
110	
15
115	
155	
300	
175	
15
0	
0	
0	
0	
0
0	
0	
0	
0	
0
5	
25	
45	
45	
0
15	
40	
70	
45	
5
0	
0	
0	
0	
0
0	
0	
0	
0	
0
10	
20	
50	
55	
50
10	
40	
85	
80	
60
0	
0	
0	
0	
0
0	
0	
0	
0	
0
10	
35	
50	
35	
0
35	
40	
85	
55	
10